2555.5556 29800.8333
2300 29516.6667
2166.6667 29950
2533.3333 28900
2716.6667 29350
1694.4444 29948.3333
2116.6667 30050
1450 30116.6667
1600 30116.6667
2550 28933.3333
1233.6111 30300.8333
1383.3333 30116.6667
1783.3333 30250
2220.2778 29799.1667
1633.3333 29583.3333
1700 29550
1583.3333 29650
1856.6667 29964.7222
1700 29550
2541.9444 29792.7778
1300 30300
2650 29716.6667
2750 29500
2300 29783.3333
1850 30266.6667
2483.3333 29716.6667
2620.2778 29018.6111
2483.3333 28896.6667
2666.6667 29766.6667
1650 30000
2533.3333 29633.3333
2700 29866.6667
1516.6667 29750
2666.6667 29016.6667
2433.3333 29066.6667
2266.6667 29783.3333
2483.3333 29016.6667
1600 30316.6667
1333.3333 30300
1700 29266.6667
1650 29500
1750 29866.6667
1616.6667 29366.6667
1700 29350
1600 29533.3333
1850 29933.3333
1633.3333 29316.6667
2489.7222 28950.8333
1766.6667 30200
1650 29750
2433.3333 28933.3333
2483.3333 29050
2350 29700
2566.6667 28933.3333
2433.3333 29833.3333
1350 30383.3333
1500 29816.6667
1866.6667 29950
1900 29966.6667
1433.3333 30316.6667
1977.7778 29796.3889
1977.7778 29796.3889
1766.6667 29583.3333
1730 30174.7222
1283.3333 30300
1416.6667 29716.6667
1850 29633.3333
1716.6667 29666.6667
1800 29566.6667
1816.6667 29916.6667
1466.6667 30116.6667
1728.6111 29860.5556
1566.6667 29850
1716.6667 29383.3333
1566.6667 29950
1633.3333 29683.3333
1566.6667 29733.3333
2423.6111 29775.2778
1633.3333 29666.6667
2513.3333 29016.6667
1883.3333 30333.3333
1733.3333 29683.3333
2316.6667 29700
1970.5556 29954.4444
1683.3333 29833.3333
1566.6667 29833.3333
1566.6667 29633.3333
2388.6111 29609.1667
1450 29650
1616.6667 29516.6667
1650 29266.6667
2153.3333 30611.3889
2583.3333 29700
1400 30250
1466.6667 29850
2666.6667 28950
1616.6667 29750
1504.1667 29635.8333
1483.3333 29616.6667
2472.5 29731.1111
1600 29300
1733.3333 29933.3333
1933.3333 30250
1750 29916.6667
1650 29716.6667
1483.3333 29833.3333
1916.6667 29366.6667
1666.6667 30300
2016.6667 29883.3333
1716.6667 29300
1633.3333 29616.6667
2283.3333 30216.6667
1633.3333 29583.3333
1516.6667 29850
1400 29733.3333
2655.5556 29016.9444
2400 28933.3333
1700 30216.6667
2503.8889 28916.6667
1883.3333 29300
1866.6667 29300
2333.3333 29250
1483.3333 30350
1942.7778 30121.1111
2570.5556 28968.0556
2316.6667 29933.3333
2316.6667 29250
1966.6667 29633.3333
1783.3333 29866.6667
1700 29650
1550 29883.3333
1533.3333 29866.6667
1700 29683.3333
1682.5 29296.9444
1566.6667 29533.3333
1900 29650
1883.3333 29950
2450 29550
2416.6667 28983.3333
2366.6667 29133.3333
1800 29983.3333
1300 30233.3333
2583.3333 28916.6667
1476.1111 29933.8889
2483.3333 29566.6667
2366.6667 30250
2666.6667 28966.6667
2150 29650
1616.6667 29666.6667
1716.6667 29316.6667
2650 28900
1266.6667 30383.3333
2283.3333 29583.3333
1616.6667 29366.6667
1600 29616.6667
2500 28950
2433.3333 30166.6667
2316.6667 29650
1483.3333 29816.6667
2682.7778 29774.1667
2682.7778 29774.1667
1528.6111 30413.0556
1450 29550
1949.4444 30061.1111
1566.6667 30250
2358.0556 29738.6111
2583.3333 29716.6667
1783.3333 30150
1833.3333 30033.3333
2550 29050
1600 30016.6667
1416.6667 30150
1600 30050
1739.7222 29293.3333
1950 30016.6667
2400 29000
1666.6667 30133.3333
1116.6667 30383.3333
1650 30350
1400 30216.6667
1516.6667 30250
2546.3889 28899.1667
2068.0556 29766.1111
2734.4444 29640.2778
2766.6667 29616.6667
1433.3333 30333.3333
2766.6667 29683.3333
2633.3333 29683.3333
1583.3333 29866.6667
2516.6667 28933.3333
2569.4444 29028.0556
1633.3333 30150
2216.6667 29866.6667
2266.6667 29700
1800 30250
2766.6667 29683.3333
1650 30183.3333
2766.6667 29616.6667
1350 29750
1500 30200
1800 29333.3333
1533.3333 30416.6667
2333.3333 29033.3333
2358.0556 29738.6111
2350 29666.6667
1550 30066.6667
1783.3333 29583.3333
1600 30250
1900 29333.3333
2429.4444 29883.0556
1766.6667 29933.3333
1966.6667 29633.3333
2083.3333 30300
2083.3333 30300
1783.3333 30083.3333
1783.3333 29916.6667
2483.3333 29566.6667
2300 29816.6667
2516.6667 28966.6667
1866.6667 30166.6667
2416.6667 28933.3333
2783.3333 29483.3333
1850 30083.3333
1950 29600
2585.2778 29741.6667
1900 29350
1550 29800
1850 30083.3333
2300 30150
1800 29650
1650 29750
1716.6667 30233.3333
1700 29266.6667
1550 29850
1566.6667 30216.6667
2603.3333 29833.6111
1171.9444 30395
1966.6667 30166.6667
2416.6667 29883.3333
1916.6667 29616.6667
2300 30166.6667
2250 29583.3333
2533.3333 29750
2533.3333 29750
1779.4444 29308.3333
1733.3333 30266.6667
2383.3333 28983.3333
1733.3333 30000
1800 30000
2483.3333 29666.6667
1633.3333 30216.6667
1716.6667 30200
1633.3333 29716.6667
2600 29066.6667
2266.6667 29766.6667
2633.3333 29766.6667
1371.1111 30158.3333
2344.7222 29877.7778
2433.3333 29683.3333
1850 29916.6667
2383.3333 29083.3333
2383.3333 29083.3333
2533.3333 28866.6667
2283.3333 29200
2539.7222 28940.2778
2539.7222 28940.2778
2383.3333 29883.3333
1616.6667 30200
1620.8333 29304.4444
2316.6667 29800
1733.3333 29650
1633.3333 29950
1666.6667 29483.3333
1750 30183.3333
2250 30183.3333
2116.6667 29816.6667
2450 28966.6667
1650 29900
2350 29716.6667
1133.3333 30383.3333
1703.0556 30109.4444
2633.3333 29766.6667
1583.3333 29683.3333
2500 29516.6667
2265.8333 29555.2778
2045 29841.9444
2045 29841.9444
1383.3333 29850
1833.3333 29616.6667
1500 29966.6667
2516.6667 28866.6667
1900 29366.6667
1500 30016.6667
2566.6667 28916.6667
2300 29150
2350 30166.6667
2500 28916.6667
1550 29733.3333
1983.3333 30083.3333
1790.8333 30419.7222
1733.3333 29550
1864.1667 29546.3889
1650 29783.3333
1633.3333 29833.3333
1550 30233.3333
1400 30100
2283.3333 29166.6667
1866.6667 29533.3333
1600 29683.3333
2716.6667 29700
1332.7778 30321.3889
2466.6667 28933.3333
2566.6667 28950
1283.3333 30366.6667
2700 29516.6667
1533.3333 30066.6667
1683.3333 30150
2533.3333 29750
2050 30116.6667
1716.6667 29533.3333
1883.3333 30183.3333
2516.6667 29566.6667
2350 29016.6667
2433.3333 29050
1683.3333 29900
1526.3889 30076.9444
1731.6667 30263.0556
2250 29650
1566.6667 29700
1516.6667 29716.6667
1566.6667 29700
1516.6667 30283.3333
2400 29933.3333
2633.3333 28966.6667
2466.6667 28900
1800 29516.6667
2500.2778 29849.1667
1816.6667 29750
2333.3333 29266.6667
2102.7778 29952.5
1616.6667 30266.6667
2366.6667 29466.6667
1833.3333 29616.6667
1583.3333 29783.3333
1183.3333 30300
1616.6667 29316.6667
1616.6667 29383.3333
2666.6667 29733.3333
2350 29100
2516.6667 29016.6667
2266.6667 30183.3333
2116.6667 29683.3333
2300 29733.3333
2000 30033.3333
2383.3333 29150
2650 29716.6667
2750 29500
1433.3333 30316.6667
1750 29916.6667
1550 29883.3333
2483.3333 29566.6667
1266.6667 30383.3333
1416.6667 30150
1666.6667 30133.3333
1116.6667 30383.3333
2734.4444 29640.2778
1566.6667 30216.6667
1171.9444 30395
1866.6667 30016.6667
2533.3333 29750
1371.1111 30158.3333
1400 30100
1332.7778 30321.3889
2500.2778 29849.1667
1600 29966.6667
2516.6667 29316.6667
2800 29400
1082.2222 30437.2222
2450 29550
2200 30100
2641.9444 29653.8889
1963.8889 30038.3333
1703.3333 29933.6111
1900 30166.6667
1583.3333 29950
1466.6667 30216.6667
1533.3333 30183.3333
1866.6667 30016.6667
1583.3333 30183.3333
2583.3333 29500
1300 30216.6667
1516.6667 29950
1966.6667 30333.3333
2666.6667 29416.6667
2533.3333 29383.3333
1450 30116.6667
1700 29950
1633.3333 29433.3333
1600 29383.3333
1900 29600
2266.6667 30216.6667
2366.6667 30150
2233.3333 29650
1850 29650
2525.8333 29731.6667
2216.6667 29566.6667
2211.3889 30117.2222
2100 29983.3333
1433.3333 29683.3333
2333.3333 29916.6667
1833.3333 30050
1600 29966.6667
2283.3333 29516.6667
1583.3333 29333.3333
2266.6667 29850
1550 29550
1883.3333 29350
2515 29679.7222
1733.3333 30300
2666.6667 29633.3333
1883.3333 29516.6667
1700 29333.3333
2266.6667 30216.6667
2733.3333 29833.3333
2300 29200
2300 29200
2383.3333 30150
1450 30100
2054.1667 29416.6667
1583.3333 30350
2423.6111 29775.2778
1866.6667 29633.3333
2516.6667 29316.6667
1616.6667 29400
1933.3333 30250
2800 29400
1633.3333 29616.6667
1082.2222 30437.2222
2503.8889 28916.6667
1264.4444 30230
1264.4444 30230
2683.3333 29783.3333
2450 29550
2200 30100
1683.3333 29900
1444.4444 30088.6111
2466.6667 29466.6667
2600 29433.3333
2641.9444 29653.8889
1750 29433.3333
1883.3333 29466.6667
2700 29516.6667
1833.3333 30083.3333
2400 30133.3333
1733.3333 30183.3333
1433.3333 30400
1800 29650
2733.3333 29700
1750 30066.6667
1476.1111 29933.8889
1600 29866.6667
1700 30300
2669.1667 29462.7778
2616.6667 29466.6667
1896.6667 30238.6111
2066.6667 29733.3333
1633.3333 30250
2533.3333 28933.3333
1750 30033.3333
1533.3333 29650
1950 29600
1716.6667 29633.3333
2633.3333 28916.6667
2311.6667 29136.3889
1700 29883.3333
1733.3333 29300
1476.1111 29933.8889
1750 30016.6667
2316.6667 29833.3333
1650 29816.6667
1833.3333 29383.3333
2233.3333 29616.6667
1433.3333 30200
1383.3333 29800
1716.6667 29616.6667
1566.6667 29350
1666.6667 29500
1550 29783.3333
1550 29783.3333
1716.6667 29300
1450 29600
1446.6667 29616.6667
1450 29566.6667
2200 30116.6667
2200 30116.6667
1766.6667 29550
1633.3333 29983.3333
1750 30333.3333
1100 30400
2250 29183.3333
2616.6667 29900
1566.6667 30150
1100 30366.6667
1816.6667 29300
2735 29695
1533.3333 29566.6667
2075.5556 30548.0556
2300 29550
2283.3333 29566.6667
1950 30150
1569.4444 29675.5556
2300 29950
1963.8889 30038.3333
1953.6111 30060.5556
1953.6111 30060.5556
1370 29742.5
2055.5556 29349.7222
2168.0556 30537.5
2100 30033.3333
2168.0556 30537.5
1383.3333 30300
2366.6667 29783.3333
2735 29695
2483.3333 29066.6667
2483.3333 29066.6667
2633.3333 29000
1966.6667 29883.3333
2714.1667 29650
1581.9444 30046.6667
1933.3333 30116.6667
2366.6667 29450
1183.3333 30400
2200 30500
2266.6667 30266.6667
1898.6111 29850
2133.3333 30066.6667
1703.3333 29933.6111
1833.3333 30183.3333
2216.6667 29616.6667
1933.3333 30083.3333
1833.3333 29366.6667
2483.3333 29516.6667
2350 30250
2233.3333 30250
1650 29500
1766.6667 30033.3333
1633.3333 29833.3333
2613.0556 29637.7778
2432.5 29604.4444
1900 30166.6667
1733.3333 29966.6667
1666.6667 29916.6667
1796.1111 30191.9444
2156.6667 30093.3333
1633.3333 29383.3333
1783.3333 30033.3333
1971.6667 30153.6111
1900 29616.6667
1733.3333 29316.6667
1283.3333 30250
1694.7222 29350.5556
1433.3333 30050
2633.3333 29016.6667
1616.6667 30233.3333
2523.0556 29035.8333
1583.3333 29950
2016.6667 30083.3333
1466.6667 30283.3333
1466.6667 30216.6667
1066.6667 30416.6667
2433.3333 29866.6667
2283.3333 29233.3333
2266.6667 30200
1383.3333 30350
1400 30350
1566.6667 29533.3333
1416.6667 29850
2416.6667 28916.6667
2200 29666.6667
1966.6667 30216.6667
2566.6667 28966.6667
1500 30133.3333
1700 29283.3333
1483.3333 30316.6667
1700 29650
1383.3333 30316.6667
1750.2778 29545.8333
2017.2222 30548.6111
1533.3333 30183.3333
2066.6667 29700
1616.6667 30350
1583.3333 30316.6667
1583.3333 29716.6667
2166.6667 29950
1866.6667 30016.6667
1866.6667 30300
2333.3333 29116.6667
2416.6667 30116.6667
2450 29550
2433.3333 29183.3333
1483.3333 29900
1733.3333 29533.3333
1700.8333 29263.3333
1750 30383.3333
2716.6667 29033.3333
1583.3333 29783.3333
1516.6667 29800
1783.3333 29316.6667
1601.3889 30284.4444
1866.6667 29933.3333
1683.3333 30383.3333
1896.6667 30238.6111
2400 29800
1750 29883.3333
1616.6667 29783.3333
1583.3333 29916.6667
2316.6667 29150
2066.6667 29733.3333
1666.6667 29800
1400 30133.3333
1800 29583.3333
1594.7222 29942.2222
1400 29750
2074.4444 29756.6667
1600 29933.3333
2583.3333 28983.3333
1783.3333 30116.6667
1698.0556 29928.3333
1633.3333 29800
2683.3333 28983.3333
1783.3333 29883.3333
1900 30200
1583.3333 30183.3333
2383.3333 29750
2600 29516.6667
2583.3333 29500
2416.6667 29900
2600 29800
1700 29666.6667
2600 28900
1683.3333 29266.6667
1850 30083.3333
2468.8889 29567.5
1983.3333 30066.6667
1466.6667 29600
2466.6667 29000
2450 29016.6667
1750 29316.6667
1483.3333 29700
2466.6667 28966.6667
1850 29633.3333
2516.6667 28900
1575.5556 29868.0556
1300 30216.6667
2166.6667 29950
1200 30366.6667
1416.6667 30133.3333
1576.6667 30239.4444
1576.6667 30239.4444
1608.6111 29563.0556
1654.1667 29669.4444
2383.3333 29850
2750 29766.6667
1666.6667 29883.3333
1516.6667 29950
1433.3333 29650
1650 29450
1850 30100
2600 28950
2205.8333 30239.1667
1716.6667 30183.3333
1716.6667 30183.3333
1333.3333 30383.3333
1650 29833.3333
1550 29750
1716.6667 29566.6667
1500 29666.6667
1316.6667 30350
1500 30100
2550 28900
2483.3333 29516.6667
1916.6667 30250
1850 30200
1800 30133.3333
1546.6667 30238.8889
1633.3333 29400
1450 29700
2616.6667 29016.6667
1700 29633.3333
1683.3333 29783.3333
1650 29683.3333
2366.6667 29766.6667
1966.6667 30333.3333
2666.6667 29416.6667
1649.4444 29635.5556
2392.7778 29004.4444
2366.6667 29016.6667
2416.6667 29033.3333
2533.3333 29383.3333
1483.3333 29650
2283.3333 29683.3333
2400 29850
1450 30116.6667
2267.7778 29265.2778
2283.3333 29216.6667
2283.3333 29533.3333
2383.3333 29500
2400 29966.6667
2533.3333 28883.3333
2374.7222 29090.5556
2550 28933.3333
2628.0556 29751.9444
2483.3333 28896.6667
2316.6667 29016.6667
1578.6111 29688.8889
2555.5556 29800.8333
2300 29516.6667
2533.3333 28900
2716.6667 29350
1694.4444 29948.3333
2116.6667 30050
1600 30116.6667
1233.6111 30300.8333
1383.3333 30116.6667
1783.3333 30250
2220.2778 29799.1667
1633.3333 29583.3333
1700 29550
1583.3333 29650
1856.6667 29964.7222
2541.9444 29792.7778
1300 30300
2300 29783.3333
1850 30266.6667
2483.3333 29716.6667
2620.2778 29018.6111
2666.6667 29766.6667
1650 30000
2533.3333 29633.3333
2700 29866.6667
1516.6667 29750
2666.6667 29016.6667
2433.3333 29066.6667
2266.6667 29783.3333
2483.3333 29016.6667
1600 30316.6667
1333.3333 30300
1700 29266.6667
1650 29500
1750 29866.6667
1616.6667 29366.6667
1700 29350
1600 29533.3333
1850 29933.3333
1633.3333 29316.6667
2489.7222 28950.8333
1766.6667 30200
1650 29750
2433.3333 28933.3333
2483.3333 29050
2350 29700
2566.6667 28933.3333
2433.3333 29833.3333
1350 30383.3333
1500 29816.6667
1866.6667 29950
1900 29966.6667
1766.6667 29583.3333
1730 30174.7222
1283.3333 30300
1416.6667 29716.6667
1850 29633.3333
1716.6667 29666.6667
1800 29566.6667
1816.6667 29916.6667
1466.6667 30116.6667
1728.6111 29860.5556
1566.6667 29850
1716.6667 29383.3333
1566.6667 29950
1633.3333 29683.3333
1566.6667 29733.3333
1633.3333 29666.6667
2513.3333 29016.6667
1883.3333 30333.3333
1733.3333 29683.3333
2316.6667 29700
1683.3333 29833.3333
1566.6667 29833.3333
1566.6667 29633.3333
1450 29650
2388.6111 29609.1667
1450 29650
1616.6667 29516.6667
1650 29266.6667
2583.3333 29700
1400 30250
1466.6667 29850
2666.6667 28950
1616.6667 29750
1483.3333 29616.6667
1600 29300
1733.3333 29933.3333
1933.3333 30250
1650 29716.6667
1483.3333 29833.3333
1916.6667 29366.6667
1666.6667 30300
2016.6667 29883.3333
2016.6667 29883.3333
1716.6667 29300
1633.3333 29616.6667
2283.3333 30216.6667
1633.3333 29583.3333
1516.6667 29850
1400 29733.3333
2655.5556 29016.9444
2400 28933.3333
1700 30216.6667
2503.8889 28916.6667
1883.3333 29300
1866.6667 29300
2333.3333 29250
1483.3333 30350
1942.7778 30121.1111
2570.5556 28968.0556
2316.6667 29933.3333
2316.6667 29250
1966.6667 29633.3333
1783.3333 29866.6667
1700 29650
1533.3333 29866.6667
1700 29683.3333
1682.5 29296.9444
1566.6667 29533.3333
1900 29650
1883.3333 29950
2416.6667 28983.3333
2366.6667 29133.3333
1800 29983.3333
1300 30233.3333
2583.3333 28916.6667
2366.6667 30250
2666.6667 28966.6667
2150 29650
1616.6667 29666.6667
1716.6667 29316.6667
2650 28900
2283.3333 29583.3333
1616.6667 29366.6667
1600 29616.6667
2500 28950
2350 29666.6667
2433.3333 30166.6667
2316.6667 29650
1483.3333 29816.6667
2682.7778 29774.1667
1528.6111 30413.0556
1450 29550
1949.4444 30061.1111
1566.6667 30250
1516.6667 30250
2583.3333 29716.6667
1833.3333 30033.3333
1783.3333 30150
2550 29050
1600 30016.6667
1600 30050
1739.7222 29293.3333
1950 30016.6667
2400 29000
1650 30350
1400 30216.6667
1516.6667 30250
2546.3889 28899.1667
1433.3333 30333.3333
2633.3333 29683.3333
1583.3333 29866.6667
2516.6667 28933.3333
2569.4444 29028.0556
1633.3333 30150
2216.6667 29866.6667
2266.6667 29700
1800 30250
2766.6667 29683.3333
1650 30183.3333
2766.6667 29616.6667
1350 29750
1500 30200
1800 29333.3333
1533.3333 30416.6667
2333.3333 29033.3333
2350 29666.6667
1550 30066.6667
1783.3333 29583.3333
1600 30250
1900 29333.3333
1766.6667 29933.3333
1966.6667 29633.3333
2083.3333 30300
1783.3333 30083.3333
1783.3333 29916.6667
2300 29816.6667
2516.6667 28966.6667
1866.6667 30166.6667
2416.6667 28933.3333
2783.3333 29483.3333
1950 29600
2585.2778 29741.6667
1900 29350
1550 29800
1850 30083.3333
2300 30150
1800 29650
1650 29750
1716.6667 30233.3333
1700 29266.6667
1550 29850
1966.6667 30166.6667
2416.6667 29883.3333
1916.6667 29616.6667
2300 30166.6667
2250 29583.3333
1779.4444 29308.3333
1733.3333 30266.6667
1733.3333 30000
1800 30000
2483.3333 29666.6667
1633.3333 30216.6667
1716.6667 30200
1633.3333 29716.6667
2600 29066.6667
2266.6667 29766.6667
2633.3333 29766.6667
2344.7222 29877.7778
2433.3333 29683.3333
1850 29916.6667
2383.3333 29083.3333
2533.3333 28866.6667
2283.3333 29200
2539.7222 28940.2778
2383.3333 29883.3333
1616.6667 30200
1620.8333 29304.4444
2316.6667 29800
1733.3333 29650
1633.3333 29950
1666.6667 29483.3333
1750 30183.3333
2250 30183.3333
2116.6667 29816.6667
2450 28966.6667
1650 29900
2350 29716.6667
1133.3333 30383.3333
1703.0556 30109.4444
1583.3333 29683.3333
2500 29516.6667
2265.8333 29555.2778
1383.3333 29850
1833.3333 29616.6667
1500 29966.6667
2516.6667 28866.6667
1900 29366.6667
1500 30016.6667
2383.3333 28983.3333
2566.6667 28916.6667
2300 29150
2350 30166.6667
2500 28916.6667
1550 29733.3333
1983.3333 30083.3333
1790.8333 30419.7222
1733.3333 29550
1864.1667 29546.3889
1650 29783.3333
1633.3333 29833.3333
1550 30233.3333
2283.3333 29166.6667
1866.6667 29533.3333
1600 29683.3333
2716.6667 29700
2466.6667 28933.3333
2566.6667 28950
1283.3333 30366.6667
2700 29516.6667
1533.3333 30066.6667
1683.3333 30150
2050 30116.6667
1716.6667 29533.3333
1883.3333 30183.3333
2516.6667 29566.6667
2350 29016.6667
2433.3333 29050
1683.3333 29900
1526.3889 30076.9444
1731.6667 30263.0556
2250 29650
1566.6667 29700
1516.6667 29716.6667
1516.6667 30283.3333
2400 29933.3333
2633.3333 28966.6667
2466.6667 28900
1800 29516.6667
1816.6667 29750
2333.3333 29266.6667
1616.6667 30266.6667
2366.6667 29466.6667
1833.3333 29616.6667
1583.3333 29783.3333
1183.3333 30300
1616.6667 29316.6667
1616.6667 29383.3333
2666.6667 29733.3333
2350 29100
2516.6667 29016.6667
2266.6667 30183.3333
2116.6667 29683.3333
2300 29733.3333
2000 30033.3333
2383.3333 29150
1633.3333 29433.3333
1600 29383.3333
1900 29600
2366.6667 30150
2233.3333 29650
1850 29650
2525.8333 29731.6667
2216.6667 29566.6667
2211.3889 30117.2222
1433.3333 29683.3333
2333.3333 29916.6667
1833.3333 30050
2283.3333 29516.6667
1583.3333 29333.3333
2266.6667 29850
1550 29550
1883.3333 29350
1733.3333 30300
2666.6667 29633.3333
1883.3333 29516.6667
1700 29333.3333
2266.6667 30216.6667
2733.3333 29833.3333
2300 29200
2383.3333 30150
1450 30100
1583.3333 30350
1866.6667 29633.3333
1616.6667 29400
1264.4444 30230
2683.3333 29783.3333
1683.3333 29900
1444.4444 30088.6111
2466.6667 29466.6667
2600 29433.3333
1750 29433.3333
1883.3333 29466.6667
1833.3333 30083.3333
2400 30133.3333
1733.3333 30183.3333
1433.3333 30400
1800 29650
2733.3333 29700
1750 30066.6667
1600 29866.6667
1700 30300
2616.6667 29466.6667
1633.3333 30250
2533.3333 28933.3333
1750 30033.3333
1533.3333 29650
1950 29600
1716.6667 29633.3333
2633.3333 28916.6667
2311.6667 29136.3889
1700 29883.3333
1733.3333 29300
1750 30016.6667
2316.6667 29833.3333
1650 29816.6667
1833.3333 29383.3333
2233.3333 29616.6667
1433.3333 30200
1383.3333 29800
1716.6667 29616.6667
1566.6667 29350
1666.6667 29500
1550 29783.3333
1716.6667 29300
1450 29600
1450 29566.6667
2200 30116.6667
1766.6667 29550
1633.3333 29983.3333
1750 30333.3333
1100 30400
2616.6667 29900
1566.6667 30150
1100 30366.6667
1816.6667 29300
2735 29695
1533.3333 29566.6667
2300 29550
2283.3333 29566.6667
1950 30150
1569.4444 29675.5556
2300 29950
1370 29742.5
2100 30033.3333
1383.3333 30300
2366.6667 29783.3333
2483.3333 29066.6667
2633.3333 29000
1966.6667 29883.3333
2714.1667 29650
1581.9444 30046.6667
1933.3333 30116.6667
2366.6667 29450
1183.3333 30400
2200 30500
2266.6667 30266.6667
2133.3333 30066.6667
1833.3333 30183.3333
2216.6667 29616.6667
1933.3333 30083.3333
1833.3333 29366.6667
2350 30250
2233.3333 30250
1650 29500
1766.6667 30033.3333
1633.3333 29833.3333
2613.0556 29637.7778
2432.5 29604.4444
1733.3333 29966.6667
1666.6667 29916.6667
1796.1111 30191.9444
2156.6667 30093.3333
1633.3333 29383.3333
1783.3333 30033.3333
1971.6667 30153.6111
1900 29616.6667
1733.3333 29316.6667
1283.3333 30250
1694.7222 29350.5556
1433.3333 30050
2633.3333 29016.6667
1616.6667 30233.3333
2523.0556 29035.8333
2016.6667 30083.3333
1466.6667 30283.3333
1066.6667 30416.6667
2433.3333 29866.6667
2283.3333 29233.3333
2266.6667 30200
1383.3333 30350
1400 30350
1566.6667 29533.3333
1416.6667 29850
2416.6667 28916.6667
2200 29666.6667
1966.6667 30216.6667
2566.6667 28966.6667
1500 30133.3333
1700 29283.3333
1483.3333 30316.6667
1700 29650
1383.3333 30316.6667
2066.6667 29700
1616.6667 30350
1583.3333 30316.6667
1583.3333 29716.6667
2166.6667 29950
1866.6667 30300
2333.3333 29116.6667
2416.6667 30116.6667
2433.3333 29183.3333
1483.3333 29900
1733.3333 29533.3333
1700.8333 29263.3333
1750 30383.3333
2716.6667 29033.3333
1583.3333 29783.3333
1516.6667 29800
1783.3333 29316.6667
1601.3889 30284.4444
1866.6667 29933.3333
1683.3333 30383.3333
1896.6667 30238.6111
2400 29800
1750 29883.3333
1616.6667 29783.3333
1583.3333 29916.6667
2316.6667 29150
2066.6667 29733.3333
1666.6667 29800
1400 30133.3333
1800 29583.3333
1594.7222 29942.2222
1400 29750
1600 29933.3333
2583.3333 28983.3333
1783.3333 30116.6667
1698.0556 29928.3333
1633.3333 29800
2683.3333 28983.3333
1783.3333 29883.3333
1900 30200
2383.3333 29750
2600 29516.6667
2416.6667 29900
2600 29800
1700 29666.6667
2600 28900
1683.3333 29266.6667
1983.3333 30066.6667
1466.6667 29600
2466.6667 29000
2450 29016.6667
1750 29316.6667
1483.3333 29700
2466.6667 28966.6667
1850 29633.3333
2516.6667 28900
1575.5556 29868.0556
1200 30366.6667
1416.6667 30133.3333
1608.6111 29563.0556
2383.3333 29850
2750 29766.6667
1666.6667 29883.3333
1433.3333 29650
1650 29450
1850 30100
2600 28950
2205.8333 30239.1667
1716.6667 30183.3333
1333.3333 30383.3333
1650 29833.3333
1550 29750
1716.6667 29566.6667
1500 29666.6667
1316.6667 30350
1500 30100
2550 28900
2483.3333 29516.6667
1916.6667 30250
1850 30200
1800 30133.3333
1546.6667 30238.8889
1633.3333 29400
1450 29700
2616.6667 29016.6667
1700 29633.3333
1683.3333 29783.3333
1650 29683.3333
2366.6667 29766.6667
1649.4444 29635.5556
2392.7778 29004.4444
2366.6667 29016.6667
2416.6667 29033.3333
1483.3333 29650
2283.3333 29683.3333
2400 29850
2267.7778 29265.2778
2283.3333 29216.6667
2283.3333 29533.3333
2383.3333 29500
2400 29966.6667
2533.3333 28883.3333
2550 28933.3333
2628.0556 29751.9444
2316.6667 29016.6667
1578.6111 29688.8889
2700 29600
2466.6667 29850
1416.6667 30116.6667
1650 29733.3333
1266.6667 30266.6667
1416.6667 29816.6667
1687.2222 30018.3333
2683.3333 29733.3333
1166.6667 30316.6667
1466.6667 30050
1883.3333 29616.6667
1379.1667 29735.8333
1400 29833.3333
1483.3333 29900
1700 29666.6667
2333.3333 29087.2222
2650 28950
1866.6667 30100
1583.3333 29733.3333
1550 29950
1666.6667 29933.3333
1333.3333 30166.6667
2600 28916.6667
1633.3333 29316.6667
1666.6667 29700
2316.6667 29816.6667
2583.3333 29033.3333
2700 29650
2450 29000
1733.3333 29850
1595 29320
1683.3333 30050
1733.3333 30033.3333
1600 29316.6667
1333.3333 30283.3333
1450 29883.3333
1716.6667 30000
1583.3333 29383.3333
1616.6667 29733.3333
1900 29300
1883.3333 29300
2616.6667 28916.6667
2333.3333 29016.6667
2433.3333 29766.6667
2583.3333 29050
2433.3333 28983.3333
1450 30183.3333
1633.3333 29300
1683.3333 30500
1483.3333 29933.3333
1750.2778 30332.7778
1916.6667 29966.6667
2433.3333 29883.3333
1750 29316.6667
2683.3333 29650
2400 29050
2433.3333 29450
1483.3333 29850
1750 29633.3333
1683.3333 29516.6667
2066.6667 30283.3333
1633.3333 29366.6667
2433.3333 28966.6667
2483.3333 28983.3333
1466.6667 30233.3333
1450 30433.3333
1683.3333 29350
1933.3333 30233.3333
2700 29600
1700 29550
2466.6667 29850
1576.1111 30067.5
1416.6667 30116.6667
1650 29733.3333
1266.6667 30266.6667
1700 29950
1683.3333 30500
2596.6667 29739.4444
1416.6667 29816.6667
1687.2222 30018.3333
2683.3333 29733.3333
1166.6667 30316.6667
1466.6667 30050
1883.3333 29616.6667
1379.1667 29735.8333
1400 29833.3333
2597.2222 29738.8889
1483.3333 29900
1700 29666.6667
2333.3333 29087.2222
2650 28950
1866.6667 30100
1583.3333 29733.3333
1550 29950
1666.6667 29933.3333
1333.3333 30166.6667
2600 28916.6667
1633.3333 29316.6667
1666.6667 29700
2316.6667 29816.6667
2583.3333 29033.3333
2700 29650
2450 29000
1733.3333 29850
1595 29320
1683.3333 30050
1733.3333 30033.3333
1600 29316.6667
1333.3333 30283.3333
1450 29883.3333
1450 29883.3333
1716.6667 30000
1583.3333 29383.3333
1616.6667 29733.3333
1900 29300
1883.3333 29300
2616.6667 28916.6667
2333.3333 29016.6667
2433.3333 29766.6667
2583.3333 29050
2433.3333 28983.3333
1450 30183.3333
1633.3333 29300
1683.3333 30500
2016.6667 29883.3333
1483.3333 29933.3333
1750.2778 30332.7778
1916.6667 29966.6667
2433.3333 29883.3333
1750 29316.6667
1576.1111 30067.5
2683.3333 29650
2400 29050
2433.3333 29450
1483.3333 29850
2177.7778 30528.6111
1750 29633.3333
1683.3333 29516.6667
2066.6667 30283.3333
1633.3333 29366.6667
2433.3333 28966.6667
2483.3333 28983.3333
1466.6667 30233.3333
1450 30433.3333
1683.3333 29350
1933.3333 30233.3333
2433.3333 29183.3333
2597.2222 29738.8889
1550 29866.6667
1666.6667 29983.3333
1813.6111 29492.5
1884.4444 29353.0556
1700.8333 29417.5
1584.7222 29412.5
1574.1667 29352.5
1626.6667 29343.0556
1542.2222 29383.0556
1433.8889 29648.3333
1397.5 29708.6111
1407.5 29681.6667
1405.8333 29736.9444
1473.3333 29991.6667
1485.5556 29849.1667
1392.2222 29829.7222
2541.1111 28918.6111
2162.7778 29300.5556
2769.1667 29455.2778
2642.2222 29607.5
1393.0556 30513.6111
1371.6667 30461.1111
1896.6667 30238.6111
1740.2778 30391.9444
2202.2222 30283.3333
2464.4444 29591.9444
2383.3333 28983.3333
2464.7222 29923.3333
2580.8333 29711.6667
2660.5556 29690.2778
2669.4444 29847.2222
2732.2222 29855.5556
2751.6667 29492.5
2717.7778 29534.4444
2687.5 29558.6111
2591.6667 29500.5556
2517.2222 29482.7778
2459.1667 29564.7222
2461.3889 29659.4444
2413.3333 29445.5556
2336.3889 29533.3333
2360.2778 29444.1667
2328.3333 29530.2778
2646.9444 29009.4444
2616.3889 28940
2533.8889 28893.8889
2479.4444 28924.4444
2437.7778 28922.2222
2304.7222 29208.8889
2343.3333 29103.3333
2075.8333 29357.7778
2195.5556 29241.3889
2254.7222 29336.9444
2185.5556 29511.9444
2157.5 29549.7222
2046.6667 29596.9444
1958.8889 29387.2222
2268.6111 29704.1667
2229.4444 29650
2257.5 29791.1111
2222.5 29859.4444
2160 29728.8889
2058.8889 29727.5
1997.7778 29697.2222
1946.3889 29898.8889
1894.7222 29752.5
1877.7778 29753.0556
1840.2778 29686.9444
1607.5 29331.1111
1598.8889 29382.2222
1660.2778 29519.4444
1697.7778 29560.8333
1765.5556 29549.7222
1811.3889 29628.0556
1937.5 29621.3889
1590.8333 29521.1111
1620.8333 29631.6667
1572.7778 29641.6667
1536.9444 29563.3333
1645.5556 29770.8333
1697.5 29670.5556
1529.1667 29724.4444
1483.3333 29647.7778
1440.5556 29709.4444
1488.3333 29835.2778
1488.0556 29813.0556
1571.1111 29870.2778
1546.6667 30238.8889
1749.1667 30187.7778
1669.7222 30121.3889
1576.1111 30155.5556
1504.7222 30006.1111
1713.0556 29853.0556
1711.6667 29912.7778
1800.2778 29839.4444
1764.4444 29970
1781.9444 30046.3889
1861.6667 30038.3333
1855.2778 30149.4444
1923.6111 30332.7778
2021.3889 30030.8333
1995.5556 30367.7778
2148.6111 30088.0556
2306.3889 30043.6111
1798.6111 30500.5556
1895.2778 30408.0556
1952.5 30437.7778
1945.5556 30520.2778
1961.3889 30437.7778
2210.5556 30374.7222
2128.8889 30415.8333
1623.0556 29954.1667
1371.1111 30158.3333
1444.4444 30088.6111
1682.5 29296.9444
1700.8333 29263.3333
1864.1667 29546.3889
2374.7222 29090.5556
2148.6111 30088.0556
2717.7778 29534.4444
1171.9444 30395
1964.1667 30017.5
1937.2222 30036.1111
1925.2778 30044.4444
1988.6111 30008.6111
1995.2778 30048.6111
1976.9444 30105.8333
1995.5556 30191.6667
1973.8889 30223.0556
1951.1111 30242.2222
1973.8889 30255
1898.0556 30232.5
1913.3333 30172.5
1948.0556 30123.8889
1936.6667 30084.1667
1884.7222 30068.6111
1923.6111 30069.1667
1913.6111 30066.3889
1874.4444 30047.5
1856.6667 30008.0556
1864.1667 30086.6667
1856.1111 30112.2222
1830.5556 30105
1850.5556 30133.8889
1813.3333 30044.4444
1801.1111 30035.5556
1696.3889 30026.9444
1797.7778 30175.2778
1707.7778 30195.5556
1698.0556 30228.8889
1768.8889 30233.6111
1782.5 30218.0556
1815.5556 30231.1111
1798.3333 30290
1739.7222 30303.3333
1733.3333 30336.9444
1767.7778 30383.8889
1840.5556 30484.1667
1816.6667 30347.2222
1829.7222 30383.8889
1838.8889 30413.8889
1742.2222 30441.6667
1884.1667 30443.0556
1884.4444 30373.0556
1923.6111 30400.8333
1901.1111 30506.1111
1950.8333 30395.2778
1951.1111 30364.1667
1959.1667 30614.7222
1640.8333 30372.7778
1641.6667 30321.3889
1615.2778 30315
1681.1111 30270.5556
1613.0556 30217.5
1587.2222 30074.4444
1603.6111 30080
1649.1667 30031.3889
1648.6111 30132.7778
1550.2778 30041.1111
1476.3889 30034.7222
1480.2778 30024.1667
1527.2222 30070.8333
1482.2222 30069.1667
1453.6111 30090
1410.5556 30076.3889
1438.6111 30001.1111
1400 30120
1443.6111 30168.6111
1479.4444 30199.4444
1394.4444 30153.3333
1212.5 30298.6111
1285.8333 30206.6667
1298.3333 30321.9444
1336.1111 30270.8333
1387.5 30257.5
1394.4444 30228.6111
1406.6667 30235.5556
1320 30179.1667
